2.622850661266792827e+01 7.326056335980225320e+00 2.633033105546881814e+01
1.862403589708209140e+01 5.460283190484039295e+01 3.648880615182864062e+01
5.208963478237375710e+01 9.353623419561476027e+00 3.751528033389573125e+01
1.729122849844477727e+01 5.491227489716063559e+01 2.596700708957402171e+01
5.159629664459702525e+01 9.334112188266086463e+00 2.445740676204395569e+01
7.362158561339550822e+00 3.736189289246087242e+01 3.846049189991234130e+01
5.479448174288900475e+01 2.623545834867945459e+01 3.129180183749521049e+01
7.263221302557980152e+00 3.752104573182627689e+01 2.467512295663786404e+01
5.060439215240030109e+01 8.285435840002872254e+00 3.889467566031742507e+01
1.797962620011422885e+01 5.517906607648717454e+01 2.637037305947560384e+01
2.511713036190354842e+01 7.866428473549593292e+00 4.000676989776248860e+01
1.887806600413341229e+01 4.869136070517853909e+01 4.443251031460921041e+01
5.153892613942998224e+01 8.652901699288600312e+00 2.534982965365764684e+01
1.957480889773670896e+01 4.928584629251075455e+01 1.880582627814811758e+01
5.167630807764056300e+01 8.724193643213821403e+00 3.785315392423252234e+01
1.729122849844477727e+01 5.491227489716063559e+01 2.596700708957402171e+01
4.950591350344331687e+01 8.253017261418587935e+00 2.362606359121022592e+01
6.825809198692968316e+00 3.758277954462206338e+01 3.663074206909450936e+01
5.060439215240030109e+01 8.285435840002872254e+00 3.889467566031742507e+01
1.862403589708209140e+01 5.460283190484039295e+01 3.648880615182864062e+01
2.444993844799223837e+01 8.223753958958980093e+00 2.365889058644391341e+01
1.729122849844477727e+01 5.491227489716063559e+01 2.596700708957402171e+01
5.153892613942998224e+01 8.652901699288600312e+00 2.534982965365764684e+01
1.830963158519031353e+01 4.869539101722511276e+01 4.417704377435890706e+01
5.094209322500695691e+01 9.712756693053892221e+00 3.980263094157184867e+01
7.667574150285542345e+00 3.656854948619965029e+01 2.375763856146779318e+01
5.159629664459702525e+01 9.334112188266086463e+00 2.445740676204395569e+01
1.729122849844477727e+01 5.491227489716063559e+01 2.596700708957402171e+01
2.511713036190354842e+01 7.866428473549593292e+00 4.000676989776248860e+01
5.446836926586112071e+01 2.700570938727502224e+01 2.974802214715387549e+01
1.862403589708209140e+01 5.460283190484039295e+01 3.648880615182864062e+01
5.167630807764056300e+01 8.724193643213821403e+00 3.785315392423252234e+01
6.776421249222139842e+00 3.739718235609566932e+01 2.613938575738556125e+01
5.159629664459702525e+01 9.334112188266086463e+00 2.445740676204395569e+01
1.797962620011422885e+01 5.517906607648717454e+01 2.637037305947560384e+01
2.418939923348910526e+01 8.222684219754887280e+00 3.961969868727976518e+01
1.887806600413341229e+01 4.869136070517853909e+01 4.443251031460921041e+01
5.153892613942998224e+01 8.652901699288600312e+00 2.534982965365764684e+01
1.729122849844477727e+01 5.491227489716063559e+01 2.596700708957402171e+01
5.060439215240030109e+01 8.285435840002872254e+00 3.889467566031742507e+01
7.362158561339550822e+00 3.736189289246087242e+01 3.846049189991234130e+01
4.950591350344331687e+01 8.253017261418587935e+00 2.362606359121022592e+01
1.957480889773670896e+01 4.928584629251075455e+01 1.880582627814811758e+01
5.060439215240030109e+01 8.285435840002872254e+00 3.889467566031742507e+01
1.862403589708209140e+01 5.460283190484039295e+01 3.648880615182864062e+01
2.444993844799223837e+01 8.223753958958980093e+00 2.365889058644391341e+01
1.729122849844477727e+01 5.491227489716063559e+01 2.596700708957402171e+01
5.167630807764056300e+01 8.724193643213821403e+00 3.785315392423252234e+01
7.362158561339550822e+00 3.736189289246087242e+01 3.846049189991234130e+01
5.479448174288900475e+01 2.623545834867945459e+01 3.129180183749521049e+01
7.263221302557980152e+00 3.752104573182627689e+01 2.467512295663786404e+01
5.153892613942998224e+01 8.652901699288600312e+00 2.534982965365764684e+01
1.862403589708209140e+01 5.460283190484039295e+01 3.648880615182864062e+01
5.060439215240030109e+01 8.285435840002872254e+00 3.889467566031742507e+01
1.729122849844477727e+01 5.491227489716063559e+01 2.596700708957402171e+01
2.511713036190354842e+01 7.866428473549593292e+00 4.000676989776248860e+01
5.159629664459702525e+01 9.334112188266086463e+00 2.445740676204395569e+01
1.830963158519031353e+01 4.869539101722511276e+01 4.417704377435890706e+01
1.729122849844477727e+01 5.491227489716063559e+01 2.596700708957402171e+01
5.167630807764056300e+01 8.724193643213821403e+00 3.785315392423252234e+01
2.585772696651996228e+01 8.141088921223634145e+00 2.270634921322861288e+01
1.797962620011422885e+01 5.517906607648717454e+01 2.637037305947560384e+01
5.159629664459702525e+01 9.334112188266086463e+00 2.445740676204395569e+01
7.111766210458388748e+00 3.560477349542032499e+01 2.505294903815025265e+01
5.094209322500695691e+01 9.712756693053892221e+00 3.980263094157184867e+01
1.862403589708209140e+01 5.460283190484039295e+01 3.648880615182864062e+01
4.950591350344331687e+01 8.253017261418587935e+00 2.362606359121022592e+01
1.887806600413341229e+01 4.869136070517853909e+01 4.443251031460921041e+01
2.511713036190354842e+01 7.866428473549593292e+00 4.000676989776248860e+01
1.957480889773670896e+01 4.928584629251075455e+01 1.880582627814811758e+01
5.479448174288900475e+01 2.623545834867945459e+01 3.129180183749521049e+01
7.362158561339550822e+00 3.736189289246087242e+01 3.846049189991234130e+01
5.167630807764056300e+01 8.724193643213821403e+00 3.785315392423252234e+01
1.729122849844477727e+01 5.491227489716063559e+01 2.596700708957402171e+01
5.153892613942998224e+01 8.652901699288600312e+00 2.534982965365764684e+01
6.776421249222139842e+00 3.739718235609566932e+01 2.613938575738556125e+01
5.060439215240030109e+01 8.285435840002872254e+00 3.889467566031742507e+01
1.862403589708209140e+01 5.460283190484039295e+01 3.648880615182864062e+01
2.521773938064640319e+01 7.739345343671126365e+00 2.386188361240347433e+01
1.729122849844477727e+01 5.491227489716063559e+01 2.596700708957402171e+01
5.153892613942998224e+01 8.652901699288600312e+00 2.534982965365764684e+01
1.887806600413341229e+01 4.869136070517853909e+01 4.443251031460921041e+01
5.167630807764056300e+01 8.724193643213821403e+00 3.785315392423252234e+01
1.729122849844477727e+01 5.491227489716063559e+01 2.596700708957402171e+01
5.159629664459702525e+01 9.334112188266086463e+00 2.445740676204395569e+01
6.544393874254730292e+00 3.719182568967070068e+01 3.544551022202722379e+01
2.511713036190354842e+01 7.866428473549593292e+00 4.000676989776248860e+01
5.446836926586112071e+01 2.700570938727502224e+01 2.974802214715387549e+01
1.797962620011422885e+01 5.517906607648717454e+01 2.637037305947560384e+01
5.060439215240030109e+01 8.285435840002872254e+00 3.889467566031742507e+01
7.263221302557980152e+00 3.752104573182627689e+01 2.467512295663786404e+01
4.950591350344331687e+01 8.253017261418587935e+00 2.362606359121022592e+01
1.862403589708209140e+01 5.460283190484039295e+01 3.648880615182864062e+01
2.444993844799223837e+01 8.223753958958980093e+00 2.365889058644391341e+01
1.729122849844477727e+01 5.491227489716063559e+01 2.596700708957402171e+01
5.167630807764056300e+01 8.724193643213821403e+00 3.785315392423252234e+01
1.830963158519031353e+01 4.869539101722511276e+01 4.417704377435890706e+01
5.159629664459702525e+01 9.334112188266086463e+00 2.445740676204395569e+01
7.362158561339550822e+00 3.736189289246087242e+01 3.846049189991234130e+01
5.060439215240030109e+01 8.285435840002872254e+00 3.889467566031742507e+01
1.729122849844477727e+01 5.491227489716063559e+01 2.596700708957402171e+01
2.418939923348910526e+01 8.222684219754887280e+00 3.961969868727976518e+01
1.957480889773670896e+01 4.928584629251075455e+01 1.880582627814811758e+01
5.153892613942998224e+01 8.652901699288600312e+00 2.534982965365764684e+01
1.862403589708209140e+01 5.460283190484039295e+01 3.648880615182864062e+01
5.167630807764056300e+01 8.724193643213821403e+00 3.785315392423252234e+01
7.667574150285542345e+00 3.656854948619965029e+01 2.375763856146779318e+01
5.479448174288900475e+01 2.623545834867945459e+01 3.129180183749521049e+01
1.729122849844477727e+01 5.491227489716063559e+01 2.596700708957402171e+01
5.153892613942998224e+01 8.652901699288600312e+00 2.534982965365764684e+01
1.887806600413341229e+01 4.869136070517853909e+01 4.443251031460921041e+01
2.521773938064640319e+01 7.739345343671126365e+00 2.386188361240347433e+01
5.094209322500695691e+01 9.712756693053892221e+00 3.980263094157184867e+01
1.797962620011422885e+01 5.517906607648717454e+01 2.637037305947560384e+01
7.362158561339550822e+00 3.736189289246087242e+01 3.846049189991234130e+01
5.159629664459702525e+01 9.334112188266086463e+00 2.445740676204395569e+01
1.862403589708209140e+01 5.460283190484039295e+01 3.648880615182864062e+01
5.060439215240030109e+01 8.285435840002872254e+00 3.889467566031742507e+01
7.263221302557980152e+00 3.752104573182627689e+01 2.467512295663786404e+01
5.159629664459702525e+01 9.334112188266086463e+00 2.445740676204395569e+01
1.729122849844477727e+01 5.491227489716063559e+01 2.596700708957402171e+01
2.511713036190354842e+01 7.866428473549593292e+00 4.000676989776248860e+01
5.167630807764056300e+01 8.724193643213821403e+00 3.785315392423252234e+01
1.862403589708209140e+01 5.460283190484039295e+01 3.648880615182864062e+01
2.444993844799223837e+01 8.223753958958980093e+00 2.365889058644391341e+01
1.729122849844477727e+01 5.491227489716063559e+01 2.596700708957402171e+01
5.153892613942998224e+01 8.652901699288600312e+00 2.534982965365764684e+01
1.887806600413341229e+01 4.869136070517853909e+01 4.443251031460921041e+01
5.060439215240030109e+01 8.285435840002872254e+00 3.889467566031742507e+01
1.957480889773670896e+01 4.928584629251075455e+01 1.880582627814811758e+01
5.446836926586112071e+01 2.700570938727502224e+01 2.974802214715387549e+01
7.362158561339550822e+00 3.736189289246087242e+01 3.846049189991234130e+01
4.950591350344331687e+01 8.253017261418587935e+00 2.362606359121022592e+01
1.729122849844477727e+01 5.491227489716063559e+01 2.596700708957402171e+01
2.511713036190354842e+01 7.866428473549593292e+00 4.000676989776248860e+01
5.167630807764056300e+01 8.724193643213821403e+00 3.785315392423252234e+01
1.862403589708209140e+01 5.460283190484039295e+01 3.648880615182864062e+01
7.111766210458388748e+00 3.560477349542032499e+01 2.505294903815025265e+01
5.159629664459702525e+01 9.334112188266086463e+00 2.445740676204395569e+01
1.797962620011422885e+01 5.517906607648717454e+01 2.637037305947560384e+01
5.060439215240030109e+01 8.285435840002872254e+00 3.889467566031742507e+01
7.362158561339550822e+00 3.736189289246087242e+01 3.846049189991234130e+01
5.153892613942998224e+01 8.652901699288600312e+00 2.534982965365764684e+01
1.729122849844477727e+01 5.491227489716063559e+01 2.596700708957402171e+01
2.511713036190354842e+01 7.866428473549593292e+00 4.000676989776248860e+01
1.830963158519031353e+01 4.869539101722511276e+01 4.417704377435890706e+01
5.167630807764056300e+01 8.724193643213821403e+00 3.785315392423252234e+01
1.957480889773670896e+01 4.928584629251075455e+01 1.880582627814811758e+01
5.159629664459702525e+01 9.334112188266086463e+00 2.445740676204395569e+01
1.862403589708209140e+01 5.460283190484039295e+01 3.648880615182864062e+01
2.444993844799223837e+01 8.223753958958980093e+00 2.365889058644391341e+01
5.479448174288900475e+01 2.623545834867945459e+01 3.129180183749521049e+01
6.776421249222139842e+00 3.739718235609566932e+01 2.613938575738556125e+01
5.060439215240030109e+01 8.285435840002872254e+00 3.889467566031742507e+01
1.729122849844477727e+01 5.491227489716063559e+01 2.596700708957402171e+01
5.153892613942998224e+01 8.652901699288600312e+00 2.534982965365764684e+01
1.887806600413341229e+01 4.869136070517853909e+01 4.443251031460921041e+01
5.094209322500695691e+01 9.712756693053892221e+00 3.980263094157184867e+01
1.729122849844477727e+01 5.491227489716063559e+01 2.596700708957402171e+01
2.521773938064640319e+01 7.739345343671126365e+00 2.386188361240347433e+01
7.362158561339550822e+00 3.736189289246087242e+01 3.846049189991234130e+01
4.950591350344331687e+01 8.253017261418587935e+00 2.362606359121022592e+01
1.862403589708209140e+01 5.460283190484039295e+01 3.648880615182864062e+01
5.167630807764056300e+01 8.724193643213821403e+00 3.785315392423252234e+01
1.729122849844477727e+01 5.491227489716063559e+01 2.596700708957402171e+01
2.418939923348910526e+01 8.222684219754887280e+00 3.961969868727976518e+01
5.159629664459702525e+01 9.334112188266086463e+00 2.445740676204395569e+01
7.263221302557980152e+00 3.752104573182627689e+01 2.467512295663786404e+01
1.862403589708209140e+01 5.460283190484039295e+01 3.648880615182864062e+01
5.167630807764056300e+01 8.724193643213821403e+00 3.785315392423252234e+01
1.797962620011422885e+01 5.517906607648717454e+01 2.637037305947560384e+01
5.153892613942998224e+01 8.652901699288600312e+00 2.534982965365764684e+01
6.825809198692968316e+00 3.758277954462206338e+01 3.663074206909450936e+01
5.479448174288900475e+01 2.623545834867945459e+01 3.129180183749521049e+01
1.729122849844477727e+01 5.491227489716063559e+01 2.596700708957402171e+01
5.060439215240030109e+01 8.285435840002872254e+00 3.889467566031742507e+01
2.511713036190354842e+01 7.866428473549593292e+00 4.000676989776248860e+01
1.830963158519031353e+01 4.869539101722511276e+01 4.417704377435890706e+01
4.950591350344331687e+01 8.253017261418587935e+00 2.362606359121022592e+01
7.667574150285542345e+00 3.656854948619965029e+01 2.375763856146779318e+01
1.729122849844477727e+01 5.491227489716063559e+01 2.596700708957402171e+01
5.167630807764056300e+01 8.724193643213821403e+00 3.785315392423252234e+01
2.444993844799223837e+01 8.223753958958980093e+00 2.365889058644391341e+01
1.862403589708209140e+01 5.460283190484039295e+01 3.648880615182864062e+01
5.159629664459702525e+01 9.334112188266086463e+00 2.445740676204395569e+01
1.797962620011422885e+01 5.517906607648717454e+01 2.637037305947560384e+01
5.060439215240030109e+01 8.285435840002872254e+00 3.889467566031742507e+01
7.362158561339550822e+00 3.736189289246087242e+01 3.846049189991234130e+01
5.446836926586112071e+01 2.700570938727502224e+01 2.974802214715387549e+01
1.957480889773670896e+01 4.928584629251075455e+01 1.880582627814811758e+01
5.060439215240030109e+01 8.285435840002872254e+00 3.889467566031742507e+01
1.887806600413341229e+01 4.869136070517853909e+01 4.443251031460921041e+01
5.153892613942998224e+01 8.652901699288600312e+00 2.534982965365764684e+01
7.263221302557980152e+00 3.752104573182627689e+01 2.467512295663786404e+01
2.511713036190354842e+01 7.866428473549593292e+00 4.000676989776248860e+01
1.729122849844477727e+01 5.491227489716063559e+01 2.596700708957402171e+01
5.159629664459702525e+01 9.334112188266086463e+00 2.445740676204395569e+01
1.862403589708209140e+01 5.460283190484039295e+01 3.648880615182864062e+01
5.167630807764056300e+01 8.724193643213821403e+00 3.785315392423252234e+01
1.729122849844477727e+01 5.491227489716063559e+01 2.596700708957402171e+01
2.521773938064640319e+01 7.739345343671126365e+00 2.386188361240347433e+01
5.094209322500695691e+01 9.712756693053892221e+00 3.980263094157184867e+01
1.862403589708209140e+01 5.460283190484039295e+01 3.648880615182864062e+01
5.153892613942998224e+01 8.652901699288600312e+00 2.534982965365764684e+01
6.776421249222139842e+00 3.739718235609566932e+01 2.613938575738556125e+01
1.887806600413341229e+01 4.869136070517853909e+01 4.443251031460921041e+01
5.159629664459702525e+01 9.334112188266086463e+00 2.445740676204395569e+01
1.729122849844477727e+01 5.491227489716063559e+01 2.596700708957402171e+01
5.060439215240030109e+01 8.285435840002872254e+00 3.889467566031742507e+01
7.362158561339550822e+00 3.736189289246087242e+01 3.846049189991234130e+01
2.511713036190354842e+01 7.866428473549593292e+00 4.000676989776248860e+01
5.479448174288900475e+01 2.623545834867945459e+01 3.129180183749521049e+01
1.729122849844477727e+01 5.491227489716063559e+01 2.596700708957402171e+01
4.950591350344331687e+01 8.253017261418587935e+00 2.362606359121022592e+01
7.263221302557980152e+00 3.752104573182627689e+01 2.467512295663786404e+01
5.167630807764056300e+01 8.724193643213821403e+00 3.785315392423252234e+01
1.797962620011422885e+01 5.517906607648717454e+01 2.637037305947560384e+01
2.444993844799223837e+01 8.223753958958980093e+00 2.365889058644391341e+01
1.862403589708209140e+01 5.460283190484039295e+01 3.648880615182864062e+01
5.167630807764056300e+01 8.724193643213821403e+00 3.785315392423252234e+01
1.830963158519031353e+01 4.869539101722511276e+01 4.417704377435890706e+01
5.153892613942998224e+01 8.652901699288600312e+00 2.534982965365764684e+01
1.957480889773670896e+01 4.928584629251075455e+01 1.880582627814811758e+01
2.418939923348910526e+01 8.222684219754887280e+00 3.961969868727976518e+01
5.159629664459702525e+01 9.334112188266086463e+00 2.445740676204395569e+01
1.729122849844477727e+01 5.491227489716063559e+01 2.596700708957402171e+01
7.362158561339550822e+00 3.736189289246087242e+01 3.846049189991234130e+01
5.060439215240030109e+01 8.285435840002872254e+00 3.889467566031742507e+01
1.729122849844477727e+01 5.491227489716063559e+01 2.596700708957402171e+01
5.153892613942998224e+01 8.652901699288600312e+00 2.534982965365764684e+01
1.862403589708209140e+01 5.460283190484039295e+01 3.648880615182864062e+01
5.094209322500695691e+01 9.712756693053892221e+00 3.980263094157184867e+01
7.111766210458388748e+00 3.560477349542032499e+01 2.505294903815025265e+01
5.446836926586112071e+01 2.700570938727502224e+01 2.974802214715387549e+01
2.585772696651996228e+01 8.141088921223634145e+00 2.270634921322861288e+01
1.887806600413341229e+01 4.869136070517853909e+01 4.443251031460921041e+01
5.167630807764056300e+01 8.724193643213821403e+00 3.785315392423252234e+01
1.729122849844477727e+01 5.491227489716063559e+01 2.596700708957402171e+01
4.950591350344331687e+01 8.253017261418587935e+00 2.362606359121022592e+01
7.362158561339550822e+00 3.736189289246087242e+01 3.846049189991234130e+01
1.797962620011422885e+01 5.517906607648717454e+01 2.637037305947560384e+01
5.060439215240030109e+01 8.285435840002872254e+00 3.889467566031742507e+01
2.511713036190354842e+01 7.866428473549593292e+00 4.000676989776248860e+01
1.862403589708209140e+01 5.460283190484039295e+01 3.648880615182864062e+01
5.159629664459702525e+01 9.334112188266086463e+00 2.445740676204395569e+01
7.667574150285542345e+00 3.656854948619965029e+01 2.375763856146779318e+01
5.153892613942998224e+01 8.652901699288600312e+00 2.534982965365764684e+01
1.729122849844477727e+01 5.491227489716063559e+01 2.596700708957402171e+01
5.060439215240030109e+01 8.285435840002872254e+00 3.889467566031742507e+01
1.887806600413341229e+01 4.869136070517853909e+01 4.443251031460921041e+01
2.444993844799223837e+01 8.223753958958980093e+00 2.365889058644391341e+01
1.957480889773670896e+01 4.928584629251075455e+01 1.880582627814811758e+01
5.167630807764056300e+01 8.724193643213821403e+00 3.785315392423252234e+01
1.862403589708209140e+01 5.460283190484039295e+01 3.648880615182864062e+01
5.159629664459702525e+01 9.334112188266086463e+00 2.445740676204395569e+01
6.544393874254730292e+00 3.719182568967070068e+01 3.544551022202722379e+01
5.479448174288900475e+01 2.623545834867945459e+01 3.129180183749521049e+01
1.729122849844477727e+01 5.491227489716063559e+01 2.596700708957402171e+01
2.511713036190354842e+01 7.866428473549593292e+00 4.000676989776248860e+01
5.167630807764056300e+01 8.724193643213821403e+00 3.785315392423252234e+01
1.729122849844477727e+01 5.491227489716063559e+01 2.596700708957402171e+01
5.153892613942998224e+01 8.652901699288600312e+00 2.534982965365764684e+01
7.263221302557980152e+00 3.752104573182627689e+01 2.467512295663786404e+01
1.830963158519031353e+01 4.869539101722511276e+01 4.417704377435890706e+01
5.060439215240030109e+01 8.285435840002872254e+00 3.889467566031742507e+01
1.797962620011422885e+01 5.517906607648717454e+01 2.637037305947560384e+01
4.950591350344331687e+01 8.253017261418587935e+00 2.362606359121022592e+01
7.362158561339550822e+00 3.736189289246087242e+01 3.846049189991234130e+01
2.521773938064640319e+01 7.739345343671126365e+00 2.386188361240347433e+01
1.862403589708209140e+01 5.460283190484039295e+01 3.648880615182864062e+01
5.167630807764056300e+01 8.724193643213821403e+00 3.785315392423252234e+01
5.446836926586112071e+01 2.700570938727502224e+01 2.974802214715387549e+01
1.729122849844477727e+01 5.491227489716063559e+01 2.596700708957402171e+01
2.511713036190354842e+01 7.866428473549593292e+00 4.000676989776248860e+01
5.159629664459702525e+01 9.334112188266086463e+00 2.445740676204395569e+01
1.729122849844477727e+01 5.491227489716063559e+01 2.596700708957402171e+01
6.776421249222139842e+00 3.739718235609566932e+01 2.613938575738556125e+01
5.060439215240030109e+01 8.285435840002872254e+00 3.889467566031742507e+01
1.862403589708209140e+01 5.460283190484039295e+01 3.648880615182864062e+01
5.153892613942998224e+01 8.652901699288600312e+00 2.534982965365764684e+01
7.362158561339550822e+00 3.736189289246087242e+01 3.846049189991234130e+01
5.094209322500695691e+01 9.712756693053892221e+00 3.980263094157184867e+01
1.957480889773670896e+01 4.928584629251075455e+01 1.880582627814811758e+01
5.159629664459702525e+01 9.334112188266086463e+00 2.445740676204395569e+01
1.887806600413341229e+01 4.869136070517853909e+01 4.443251031460921041e+01
2.444993844799223837e+01 8.223753958958980093e+00 2.365889058644391341e+01
1.729122849844477727e+01 5.491227489716063559e+01 2.596700708957402171e+01
5.167630807764056300e+01 8.724193643213821403e+00 3.785315392423252234e+01
1.862403589708209140e+01 5.460283190484039295e+01 3.648880615182864062e+01
5.153892613942998224e+01 8.652901699288600312e+00 2.534982965365764684e+01
7.263221302557980152e+00 3.752104573182627689e+01 2.467512295663786404e+01
2.511713036190354842e+01 7.866428473549593292e+00 4.000676989776248860e+01
5.479448174288900475e+01 2.623545834867945459e+01 3.129180183749521049e+01
1.729122849844477727e+01 5.491227489716063559e+01 2.596700708957402171e+01
5.060439215240030109e+01 8.285435840002872254e+00 3.889467566031742507e+01
1.797962620011422885e+01 5.517906607648717454e+01 2.637037305947560384e+01
4.950591350344331687e+01 8.253017261418587935e+00 2.362606359121022592e+01
7.362158561339550822e+00 3.736189289246087242e+01 3.846049189991234130e+01
2.418939923348910526e+01 8.222684219754887280e+00 3.961969868727976518e+01
1.862403589708209140e+01 5.460283190484039295e+01 3.648880615182864062e+01
5.159629664459702525e+01 9.334112188266086463e+00 2.445740676204395569e+01
1.729122849844477727e+01 5.491227489716063559e+01 2.596700708957402171e+01
5.167630807764056300e+01 8.724193643213821403e+00 3.785315392423252234e+01
1.887806600413341229e+01 4.869136070517853909e+01 4.443251031460921041e+01
5.153892613942998224e+01 8.652901699288600312e+00 2.534982965365764684e+01
7.667574150285542345e+00 3.656854948619965029e+01 2.375763856146779318e+01
5.060439215240030109e+01 8.285435840002872254e+00 3.889467566031742507e+01
1.729122849844477727e+01 5.491227489716063559e+01 2.596700708957402171e+01
2.444993844799223837e+01 8.223753958958980093e+00 2.365889058644391341e+01
1.830963158519031353e+01 4.869539101722511276e+01 4.417704377435890706e+01
5.167630807764056300e+01 8.724193643213821403e+00 3.785315392423252234e+01
1.957480889773670896e+01 4.928584629251075455e+01 1.880582627814811758e+01
5.159629664459702525e+01 9.334112188266086463e+00 2.445740676204395569e+01
7.362158561339550822e+00 3.736189289246087242e+01 3.846049189991234130e+01
5.479448174288900475e+01 2.623545834867945459e+01 3.129180183749521049e+01
1.797962620011422885e+01 5.517906607648717454e+01 2.637037305947560384e+01
2.511713036190354842e+01 7.866428473549593292e+00 4.000676989776248860e+01
5.060439215240030109e+01 8.285435840002872254e+00 3.889467566031742507e+01
1.862403589708209140e+01 5.460283190484039295e+01 3.648880615182864062e+01
4.950591350344331687e+01 8.253017261418587935e+00 2.362606359121022592e+01
7.263221302557980152e+00 3.752104573182627689e+01 2.467512295663786404e+01
1.729122849844477727e+01 5.491227489716063559e+01 2.596700708957402171e+01
5.094209322500695691e+01 9.712756693053892221e+00 3.980263094157184867e+01
2.521773938064640319e+01 7.739345343671126365e+00 2.386188361240347433e+01
1.862403589708209140e+01 5.460283190484039295e+01 3.648880615182864062e+01
5.153892613942998224e+01 8.652901699288600312e+00 2.534982965365764684e+01
1.729122849844477727e+01 5.491227489716063559e+01 2.596700708957402171e+01
5.167630807764056300e+01 8.724193643213821403e+00 3.785315392423252234e+01
6.825809198692968316e+00 3.758277954462206338e+01 3.663074206909450936e+01
5.159629664459702525e+01 9.334112188266086463e+00 2.445740676204395569e+01
1.887806600413341229e+01 4.869136070517853909e+01 4.443251031460921041e+01
1.957480889773670896e+01 4.928584629251075455e+01 1.880582627814811758e+01
5.060439215240030109e+01 8.285435840002872254e+00 3.889467566031742507e+01
7.111766210458388748e+00 3.560477349542032499e+01 2.505294903815025265e+01
5.153892613942998224e+01 8.652901699288600312e+00 2.534982965365764684e+01
1.862403589708209140e+01 5.460283190484039295e+01 3.648880615182864062e+01
2.511713036190354842e+01 7.866428473549593292e+00 4.000676989776248860e+01
5.446836926586112071e+01 2.700570938727502224e+01 2.974802214715387549e+01
1.729122849844477727e+01 5.491227489716063559e+01 2.596700708957402171e+01
5.167630807764056300e+01 8.724193643213821403e+00 3.785315392423252234e+01
7.362158561339550822e+00 3.736189289246087242e+01 3.846049189991234130e+01
2.444993844799223837e+01 8.223753958958980093e+00 2.365889058644391341e+01
1.797962620011422885e+01 5.517906607648717454e+01 2.637037305947560384e+01
5.159629664459702525e+01 9.334112188266086463e+00 2.445740676204395569e+01
1.887806600413341229e+01 4.869136070517853909e+01 4.443251031460921041e+01
5.060439215240030109e+01 8.285435840002872254e+00 3.889467566031742507e+01
1.729122849844477727e+01 5.491227489716063559e+01 2.596700708957402171e+01
5.153892613942998224e+01 8.652901699288600312e+00 2.534982965365764684e+01
6.776421249222139842e+00 3.739718235609566932e+01 2.613938575738556125e+01
2.511713036190354842e+01 7.866428473549593292e+00 4.000676989776248860e+01
1.862403589708209140e+01 5.460283190484039295e+01 3.648880615182864062e+01
5.167630807764056300e+01 8.724193643213821403e+00 3.785315392423252234e+01
1.729122849844477727e+01 5.491227489716063559e+01 2.596700708957402171e+01
5.159629664459702525e+01 9.334112188266086463e+00 2.445740676204395569e+01
1.830963158519031353e+01 4.869539101722511276e+01 4.417704377435890706e+01
5.060439215240030109e+01 8.285435840002872254e+00 3.889467566031742507e+01
7.263221302557980152e+00 3.752104573182627689e+01 2.467512295663786404e+01
5.479448174288900475e+01 2.623545834867945459e+01 3.129180183749521049e+01
1.729122849844477727e+01 5.491227489716063559e+01 2.596700708957402171e+01
2.521773938064640319e+01 7.739345343671126365e+00 2.386188361240347433e+01
4.950591350344331687e+01 8.253017261418587935e+00 2.362606359121022592e+01
1.862403589708209140e+01 5.460283190484039295e+01 3.648880615182864062e+01
5.094209322500695691e+01 9.712756693053892221e+00 3.980263094157184867e+01
7.362158561339550822e+00 3.736189289246087242e+01 3.846049189991234130e+01
5.153892613942998224e+01 8.652901699288600312e+00 2.534982965365764684e+01
1.729122849844477727e+01 5.491227489716063559e+01 2.596700708957402171e+01
2.418939923348910526e+01 8.222684219754887280e+00 3.961969868727976518e+01
1.957480889773670896e+01 4.928584629251075455e+01 1.880582627814811758e+01
5.167630807764056300e+01 8.724193643213821403e+00 3.785315392423252234e+01
1.862403589708209140e+01 5.460283190484039295e+01 3.648880615182864062e+01
5.159629664459702525e+01 9.334112188266086463e+00 2.445740676204395569e+01
7.362158561339550822e+00 3.736189289246087242e+01 3.846049189991234130e+01
5.060439215240030109e+01 8.285435840002872254e+00 3.889467566031742507e+01
1.729122849844477727e+01 5.491227489716063559e+01 2.596700708957402171e+01
2.585772696651996228e+01 8.141088921223634145e+00 2.270634921322861288e+01
1.887806600413341229e+01 4.869136070517853909e+01 4.443251031460921041e+01
5.159629664459702525e+01 9.334112188266086463e+00 2.445740676204395569e+01
1.797962620011422885e+01 5.517906607648717454e+01 2.637037305947560384e+01
5.167630807764056300e+01 8.724193643213821403e+00 3.785315392423252234e+01
7.263221302557980152e+00 3.752104573182627689e+01 2.467512295663786404e+01
5.479448174288900475e+01 2.623545834867945459e+01 3.129180183749521049e+01
2.511713036190354842e+01 7.866428473549593292e+00 4.000676989776248860e+01
1.729122849844477727e+01 5.491227489716063559e+01 2.596700708957402171e+01
5.153892613942998224e+01 8.652901699288600312e+00 2.534982965365764684e+01
1.862403589708209140e+01 5.460283190484039295e+01 3.648880615182864062e+01
5.060439215240030109e+01 8.285435840002872254e+00 3.889467566031742507e+01
6.776421249222139842e+00 3.739718235609566932e+01 2.613938575738556125e+01
4.950591350344331687e+01 8.253017261418587935e+00 2.362606359121022592e+01
1.729122849844477727e+01 5.491227489716063559e+01 2.596700708957402171e+01
2.511713036190354842e+01 7.866428473549593292e+00 4.000676989776248860e+01
1.830963158519031353e+01 4.869539101722511276e+01 4.417704377435890706e+01
5.167630807764056300e+01 8.724193643213821403e+00 3.785315392423252234e+01
1.797962620011422885e+01 5.517906607648717454e+01 2.637037305947560384e+01
5.159629664459702525e+01 9.334112188266086463e+00 2.445740676204395569e+01
7.362158561339550822e+00 3.736189289246087242e+01 3.846049189991234130e+01
5.446836926586112071e+01 2.700570938727502224e+01 2.974802214715387549e+01
1.957480889773670896e+01 4.928584629251075455e+01 1.880582627814811758e+01
2.444993844799223837e+01 8.223753958958980093e+00 2.365889058644391341e+01
5.060439215240030109e+01 8.285435840002872254e+00 3.889467566031742507e+01
1.862403589708209140e+01 5.460283190484039295e+01 3.648880615182864062e+01
7.667574150285542345e+00 3.656854948619965029e+01 2.375763856146779318e+01
5.153892613942998224e+01 8.652901699288600312e+00 2.534982965365764684e+01
1.862403589708209140e+01 5.460283190484039295e+01 3.648880615182864062e+01
5.167630807764056300e+01 8.724193643213821403e+00 3.785315392423252234e+01
1.729122849844477727e+01 5.491227489716063559e+01 2.596700708957402171e+01
2.511713036190354842e+01 7.866428473549593292e+00 4.000676989776248860e+01
5.159629664459702525e+01 9.334112188266086463e+00 2.445740676204395569e+01
1.887806600413341229e+01 4.869136070517853909e+01 4.443251031460921041e+01
1.729122849844477727e+01 5.491227489716063559e+01 2.596700708957402171e+01
5.060439215240030109e+01 8.285435840002872254e+00 3.889467566031742507e+01
6.544393874254730292e+00 3.719182568967070068e+01 3.544551022202722379e+01
5.153892613942998224e+01 8.652901699288600312e+00 2.534982965365764684e+01
1.729122849844477727e+01 5.491227489716063559e+01 2.596700708957402171e+01
5.094209322500695691e+01 9.712756693053892221e+00 3.980263094157184867e+01
2.444993844799223837e+01 8.223753958958980093e+00 2.365889058644391341e+01
1.862403589708209140e+01 5.460283190484039295e+01 3.648880615182864062e+01
5.479448174288900475e+01 2.623545834867945459e+01 3.129180183749521049e+01
7.263221302557980152e+00 3.752104573182627689e+01 2.467512295663786404e+01
4.950591350344331687e+01 8.253017261418587935e+00 2.362606359121022592e+01
1.797962620011422885e+01 5.517906607648717454e+01 2.637037305947560384e+01
5.167630807764056300e+01 8.724193643213821403e+00 3.785315392423252234e+01
7.362158561339550822e+00 3.736189289246087242e+01 3.846049189991234130e+01
5.153892613942998224e+01 8.652901699288600312e+00 2.534982965365764684e+01
1.887806600413341229e+01 4.869136070517853909e+01 4.443251031460921041e+01
2.418939923348910526e+01 8.222684219754887280e+00 3.961969868727976518e+01
1.729122849844477727e+01 5.491227489716063559e+01 2.596700708957402171e+01
5.167630807764056300e+01 8.724193643213821403e+00 3.785315392423252234e+01
1.957480889773670896e+01 4.928584629251075455e+01 1.880582627814811758e+01
5.159629664459702525e+01 9.334112188266086463e+00 2.445740676204395569e+01
1.862403589708209140e+01 5.460283190484039295e+01 3.648880615182864062e+01
2.521773938064640319e+01 7.739345343671126365e+00 2.386188361240347433e+01
5.060439215240030109e+01 8.285435840002872254e+00 3.889467566031742507e+01
1.729122849844477727e+01 5.491227489716063559e+01 2.596700708957402171e+01
7.362158561339550822e+00 3.736189289246087242e+01 3.846049189991234130e+01
5.159629664459702525e+01 9.334112188266086463e+00 2.445740676204395569e+01
1.830963158519031353e+01 4.869539101722511276e+01 4.417704377435890706e+01
5.060439215240030109e+01 8.285435840002872254e+00 3.889467566031742507e+01
7.667574150285542345e+00 3.656854948619965029e+01 2.375763856146779318e+01
5.479448174288900475e+01 2.623545834867945459e+01 3.129180183749521049e+01
1.729122849844477727e+01 5.491227489716063559e+01 2.596700708957402171e+01
2.511713036190354842e+01 7.866428473549593292e+00 4.000676989776248860e+01
5.153892613942998224e+01 8.652901699288600312e+00 2.534982965365764684e+01
1.797962620011422885e+01 5.517906607648717454e+01 2.637037305947560384e+01
5.167630807764056300e+01 8.724193643213821403e+00 3.785315392423252234e+01
1.862403589708209140e+01 5.460283190484039295e+01 3.648880615182864062e+01
2.444993844799223837e+01 8.223753958958980093e+00 2.365889058644391341e+01
6.776421249222139842e+00 3.739718235609566932e+01 2.613938575738556125e+01
5.159629664459702525e+01 9.334112188266086463e+00 2.445740676204395569e+01
1.887806600413341229e+01 4.869136070517853909e+01 4.443251031460921041e+01
5.094209322500695691e+01 9.712756693053892221e+00 3.980263094157184867e+01
1.729122849844477727e+01 5.491227489716063559e+01 2.596700708957402171e+01
4.950591350344331687e+01 8.253017261418587935e+00 2.362606359121022592e+01
7.362158561339550822e+00 3.736189289246087242e+01 3.846049189991234130e+01
5.060439215240030109e+01 8.285435840002872254e+00 3.889467566031742507e+01
1.729122849844477727e+01 5.491227489716063559e+01 2.596700708957402171e+01
2.511713036190354842e+01 7.866428473549593292e+00 4.000676989776248860e+01
1.957480889773670896e+01 4.928584629251075455e+01 1.880582627814811758e+01
5.446836926586112071e+01 2.700570938727502224e+01 2.974802214715387549e+01
1.862403589708209140e+01 5.460283190484039295e+01 3.648880615182864062e+01
5.153892613942998224e+01 8.652901699288600312e+00 2.534982965365764684e+01
7.111766210458388748e+00 3.560477349542032499e+01 2.505294903815025265e+01
5.167630807764056300e+01 8.724193643213821403e+00 3.785315392423252234e+01
1.862403589708209140e+01 5.460283190484039295e+01 3.648880615182864062e+01
4.950591350344331687e+01 8.253017261418587935e+00 2.362606359121022592e+01
1.729122849844477727e+01 5.491227489716063559e+01 2.596700708957402171e+01
2.511713036190354842e+01 7.866428473549593292e+00 4.000676989776248860e+01
5.167630807764056300e+01 8.724193643213821403e+00 3.785315392423252234e+01
7.362158561339550822e+00 3.736189289246087242e+01 3.846049189991234130e+01
1.797962620011422885e+01 5.517906607648717454e+01 2.637037305947560384e+01
5.153892613942998224e+01 8.652901699288600312e+00 2.534982965365764684e+01
1.887806600413341229e+01 4.869136070517853909e+01 4.443251031460921041e+01
2.521773938064640319e+01 7.739345343671126365e+00 2.386188361240347433e+01
5.060439215240030109e+01 8.285435840002872254e+00 3.889467566031742507e+01
1.729122849844477727e+01 5.491227489716063559e+01 2.596700708957402171e+01
5.159629664459702525e+01 9.334112188266086463e+00 2.445740676204395569e+01
7.263221302557980152e+00 3.752104573182627689e+01 2.467512295663786404e+01
5.479448174288900475e+01 2.623545834867945459e+01 3.129180183749521049e+01
1.862403589708209140e+01 5.460283190484039295e+01 3.648880615182864062e+01
5.060439215240030109e+01 8.285435840002872254e+00 3.889467566031742507e+01
1.729122849844477727e+01 5.491227489716063559e+01 2.596700708957402171e+01
2.444993844799223837e+01 8.223753958958980093e+00 2.365889058644391341e+01
1.830963158519031353e+01 4.869539101722511276e+01 4.417704377435890706e+01
5.153892613942998224e+01 8.652901699288600312e+00 2.534982965365764684e+01
7.263221302557980152e+00 3.752104573182627689e+01 2.467512295663786404e+01
5.167630807764056300e+01 8.724193643213821403e+00 3.785315392423252234e+01
1.729122849844477727e+01 5.491227489716063559e+01 2.596700708957402171e+01
5.094209322500695691e+01 9.712756693053892221e+00 3.980263094157184867e+01
7.362158561339550822e+00 3.736189289246087242e+01 3.846049189991234130e+01
5.159629664459702525e+01 9.334112188266086463e+00 2.445740676204395569e+01
1.862403589708209140e+01 5.460283190484039295e+01 3.648880615182864062e+01
2.418939923348910526e+01 8.222684219754887280e+00 3.961969868727976518e+01
1.957480889773670896e+01 4.928584629251075455e+01 1.880582627814811758e+01
5.159629664459702525e+01 9.334112188266086463e+00 2.445740676204395569e+01
1.797962620011422885e+01 5.517906607648717454e+01 2.637037305947560384e+01
5.060439215240030109e+01 8.285435840002872254e+00 3.889467566031742507e+01
6.825809198692968316e+00 3.758277954462206338e+01 3.663074206909450936e+01
5.446836926586112071e+01 2.700570938727502224e+01 2.974802214715387549e+01
1.887806600413341229e+01 4.869136070517853909e+01 4.443251031460921041e+01
2.521773938064640319e+01 7.739345343671126365e+00 2.386188361240347433e+01
5.167630807764056300e+01 8.724193643213821403e+00 3.785315392423252234e+01
1.729122849844477727e+01 5.491227489716063559e+01 2.596700708957402171e+01
4.950591350344331687e+01 8.253017261418587935e+00 2.362606359121022592e+01
1.862403589708209140e+01 5.460283190484039295e+01 3.648880615182864062e+01
2.511713036190354842e+01 7.866428473549593292e+00 4.000676989776248860e+01
1.729122849844477727e+01 5.491227489716063559e+01 2.596700708957402171e+01
5.153892613942998224e+01 8.652901699288600312e+00 2.534982965365764684e+01
7.263221302557980152e+00 3.752104573182627689e+01 2.467512295663786404e+01
5.167630807764056300e+01 8.724193643213821403e+00 3.785315392423252234e+01
1.729122849844477727e+01 5.491227489716063559e+01 2.596700708957402171e+01
5.060439215240030109e+01 8.285435840002872254e+00 3.889467566031742507e+01
7.362158561339550822e+00 3.736189289246087242e+01 3.846049189991234130e+01
5.159629664459702525e+01 9.334112188266086463e+00 2.445740676204395569e+01
