5.237098630195023929e+01 1.547327705348268623e+01 2.560311194521745293e+01
7.085420774412082068e+00 3.907889964707253938e+01 3.211349545189922594e+01
2.012765977363520165e+01 4.964768739629183614e+01 2.590070009627852698e+01
5.004646500092899686e+01 2.684198958096397547e+01 2.330018001796673488e+01
2.383655806904793550e+01 3.888709734780724858e+01 2.463660298844727237e+01
1.026753716782419268e+01 3.117974077382162434e+01 3.093936048638341418e+01
4.888580842550838668e+01 3.337743650685708019e+01 3.105716310407615666e+01
5.125194284372336284e+01 1.535263598635081372e+01 4.027535153850913474e+01
5.155126893409050837e+01 2.219802001932671587e+01 2.430718423407757101e+01
2.280547580607090552e+01 4.852299614438061326e+01 3.359726869647944625e+01
1.302525522262623525e+01 4.966217521152800884e+01 3.552686163789635998e+01
2.466078717105396123e+01 1.441632897016428849e+01 2.878514023937804822e+01
5.028383783467208445e+01 7.950597939542290327e+00 2.758780972457244474e+01
2.828890218874530760e+01 7.100555449755940884e+00 3.806718886009593206e+01
4.588669061050284625e+01 2.225746560157261200e+01 2.138463866295116489e+01
3.908262109200890677e+01 3.498544267973544919e+01 3.366281357099372684e+01
3.633041426361679527e+01 2.625440985031930552e+01 2.078838029876271776e+01
2.686822692648590305e+01 4.194306300459609105e+01 3.472195580331013787e+01
5.229829678856480513e+01 1.840874290793307466e+01 3.705848752617919217e+01
2.436839756896979736e+01 1.718249309780069112e+01 3.322109952772738239e+01
2.623663216308712975e+01 3.376649754469825382e+01 3.787603877851733358e+01
4.621547088898601885e+01 7.410681395417194395e+00 3.665049983859815796e+01
3.385311803140874787e+01 3.371482459839855039e+01 3.876872159577059307e+01
2.737523077823636086e+01 8.842342359806991681e+00 2.190820102357368526e+01
8.005115860236829306e+00 3.299299265019392635e+01 2.777524018169491882e+01
5.347357752876336434e+01 2.344787925283156937e+01 3.437867580922440425e+01
2.460325490702654250e+01 3.611978191152652329e+01 2.631439535118477480e+01
2.272142396175654611e+01 4.078600919589496243e+01 2.389057808688716378e+01
2.968361625998626252e+01 3.130727120774806238e+01 4.043539816318264002e+01
1.318441603493315917e+01 3.034012031140925458e+01 3.223066953714107541e+01
2.475722148723172467e+01 4.646092318848091196e+01 2.929312065775502916e+01
5.109905668995226335e+01 7.923576273327719299e+00 3.677345767461014958e+01
1.587747395373972914e+01 5.304324541212598376e+01 2.705146986991111646e+01
2.683399546811644498e+01 1.487948202463025460e+01 3.363511246249278486e+01
2.345089165940266795e+01 2.958271774805722032e+01 3.847388901330279509e+01
4.336560799899206131e+01 2.455003916349640036e+01 4.188134976346712790e+01
4.439776191992459786e+01 2.467530604728961308e+01 4.177711666026832660e+01
4.386353501931742471e+01 2.708444663829048338e+01 4.135086964376004914e+01
4.233064093898285307e+01 3.468751829749599125e+01 3.266387558789276824e+01
2.342099630906162844e+01 2.753393515315644180e+01 2.316278151813206776e+01
5.213753612422021178e+01 2.775294557359604042e+01 3.669128865007407825e+01
3.287944919545571310e+01 2.029116226016781255e+01 2.044502731764249148e+01
2.740466623550209491e+01 3.655508166402631787e+01 3.608901582588710255e+01
1.061058017979559942e+01 3.933774042455910092e+01 2.266472541244147365e+01
1.321848976693659239e+01 3.240356409617296407e+01 2.377451464554899374e+01
2.717339816792285134e+01 4.224284506733020805e+01 3.341054992599671891e+01
2.946953092180538292e+01 1.148357696774683134e+01 3.483653824475697292e+01
1.113002950178695016e+01 3.558855340716987570e+01 4.115035847788435319e+01
4.033845925565150026e+01 2.951167350740506734e+01 2.252765008940377811e+01
2.024186108916984494e+01 3.144695764932480486e+01 2.725484770873841711e+01
1.826365799434361747e+01 3.477467931385108102e+01 2.372468592036791435e+01
4.445935344012472967e+01 1.510109149786600824e+01 4.059467872827580948e+01
4.064469924407912771e+01 3.048100954070720903e+01 3.958324969956233730e+01
4.356477438435496197e+01 1.858650146814706261e+01 2.152880347618469159e+01
2.355785541362380542e+01 9.806031807416523804e+00 3.587458208082077959e+01
4.071914195213898324e+01 1.600705417168003919e+01 2.336670142930356775e+01
5.232652811242229518e+01 2.041091714387179934e+01 2.590717206547569873e+01
2.456763923230709779e+01 4.499811509255059150e+01 3.558790266512080080e+01
4.852157935877413308e+01 1.564983435565920011e+01 2.150953929891055338e+01
5.204865378645750695e+01 1.177231522220818327e+01 3.523197191205289158e+01
1.811923462558083742e+01 4.994644481102877620e+01 2.254348872264556647e+01
4.116606668133686497e+01 1.317354828306154779e+01 3.007196291252624576e+01
1.031786168404785009e+01 4.248478264416508665e+01 2.492851488644076596e+01
2.832193875579325848e+01 3.636236454444241417e+01 2.623701338480069722e+01
2.778766946728904941e+01 2.644795341213688289e+01 2.079150959508326935e+01
5.240924770069002392e+01 2.225198928203737125e+01 2.583745835858719531e+01
2.219414535059114613e+01 1.236140755279479464e+01 2.492444411267074145e+01
7.698983166077207230e+00 3.323704374681621942e+01 3.501843252140428575e+01
4.604215327958520021e+01 9.304782773201674573e+00 3.430092040186438140e+01
2.334924945588303657e+01 2.459805426837870712e+01 4.048023766523805023e+01
1.466623163897914495e+01 4.202992490217460642e+01 4.006805844939042061e+01
5.287781737307155794e+01 2.392300873505150705e+01 3.627006720273532636e+01
2.289280195373766347e+01 4.757316909089596635e+01 3.457463631338018928e+01
1.111985902758264899e+01 3.080863900254722765e+01 3.138164359802056680e+01
5.096401121578417559e+01 3.069806114151689158e+01 3.536548517828233429e+01
2.116333878087071341e+01 4.432835231984395818e+01 2.236293340688041198e+01
2.196021624332197320e+01 2.975516682011686953e+01 2.604707683608691937e+01
4.654272415502822469e+01 3.020171770878019402e+01 2.350357953844755698e+01
2.706558016846040360e+01 3.783861012530117307e+01 3.395621866836565061e+01
3.995525246758428750e+01 3.410964577367695938e+01 2.705406941353832906e+01
1.883887688916630410e+01 4.416674716050676608e+01 2.248002185717902535e+01
1.355132840233581781e+01 5.044061696803935035e+01 2.814646131706829024e+01
5.188574253734550012e+01 2.638341599013754646e+01 2.509021926237224775e+01
4.992639867640600926e+01 2.200170893060231592e+01 2.266277807169390357e+01
4.586458228379888880e+01 1.047601107756604932e+01 4.035863329151272438e+01
1.364468181392115653e+01 4.746946513470534512e+01 3.844992795372399996e+01
4.753168699479091686e+01 3.142754386906928943e+01 3.772778927996174048e+01
4.351727039808447728e+01 1.321116493126721458e+01 3.823306659795696305e+01
4.084870049138611847e+01 1.291411539813622511e+01 3.102166272324646101e+01
4.643667230805694857e+01 8.819270572127070551e+00 2.858612620999342013e+01
6.637659255518125967e+00 3.748366763108023036e+01 3.572702157307304560e+01
1.705143065038857486e+01 4.960166679919034038e+01 3.811285970764258479e+01
1.117576575406630468e+01 4.647749189266758663e+01 2.711044099888671610e+01
4.259693857919857152e+01 3.212689269645554191e+01 2.470594069703002305e+01
1.979142401642131688e+01 4.904332375462394822e+01 4.391970660445263519e+01
5.207880820630300178e+01 1.155554224217857318e+01 2.438447233160660232e+01
3.193967105040091070e+01 3.339064564197779816e+01 2.360574346802143353e+01
1.592826255137607383e+01 5.232184289922040676e+01 3.560761045727294061e+01
3.051988196588057534e+01 1.278902346535092960e+01 2.736976836413991521e+01
2.643980704185526776e+01 4.213386596715181298e+01 3.545491510437979343e+01
3.225048013380302336e+01 1.431304828380312877e+01 3.152883262100738904e+01
3.852608606427927640e+01 1.523630846715655984e+01 3.867297123700542727e+01
3.247680998205634495e+01 3.695445089139925443e+01 2.699541026421279355e+01
4.265848808033408091e+01 3.221461211680907866e+01 2.479371676057509433e+01
4.135519027786032353e+01 1.389083018715102824e+01 3.531555817447120660e+01
1.674282170131573011e+01 5.180318549112795523e+01 2.517099810809580163e+01
2.566669497579555781e+01 4.208084580147801290e+01 2.627667298905259941e+01
2.739891583442762979e+01 3.637764138422991067e+01 3.636058213674314032e+01
1.054477144721155035e+01 3.153793992690807002e+01 3.735691176119701851e+01
1.570141451501475771e+01 4.829497506836487020e+01 3.933059072160080660e+01
4.355965281571484837e+01 3.414918477063687163e+01 2.786110787062800753e+01
2.033923920869196422e+01 3.029576597200358634e+01 2.759082488419097245e+01
4.519876236436528671e+01 1.314870902372265782e+01 3.389635074151583183e+01
3.556309425983620542e+01 1.516145765592064087e+01 3.832560644863278299e+01
2.760595879519274831e+01 1.090986043766964997e+01 2.886671382042274914e+01
2.464799593540374900e+01 1.960685083561151387e+01 4.225474670801128241e+01
2.457797149846186002e+01 4.462210512641009785e+01 3.592283833696000528e+01
3.050207678494653862e+01 3.718488410587755766e+01 3.520789113413686522e+01
1.968414385182482818e+01 2.785729435414393507e+01 2.851278905527559360e+01
4.986783634567568413e+01 2.127309949508556386e+01 2.251915742582571056e+01
4.412815188526047194e+01 1.408651136665939774e+01 2.321836419742849245e+01
4.107308141796745105e+01 3.290782643540987351e+01 2.551479677917860656e+01
6.615114111824867749e+00 3.499675516358425398e+01 3.024657065451836502e+01
2.107913198962777201e+01 4.860947174721896147e+01 1.989704981571612663e+01
4.959634031624607786e+01 1.037488919882664717e+01 3.350807007659342673e+01
8.695645347035297235e+00 3.292725733382914655e+01 2.539117996045337478e+01
5.192871503424812119e+01 8.942996406200716564e+00 2.613666671255784379e+01
3.793822026782400059e+01 2.534031521464470771e+01 2.073790522084234667e+01
5.034766381727405360e+01 1.299344688364626066e+01 4.096717473627271033e+01
4.447248932069722116e+01 9.332095691201361731e+00 3.801430796213363550e+01
1.432873606501617481e+01 5.095681628047945111e+01 2.860048690367222335e+01
2.243791295098515093e+01 1.136884610474348101e+01 3.737930633037656492e+01
2.752991258967392696e+01 3.068965743484318409e+01 4.038732954713110956e+01
1.928165488831917429e+01 5.040957968366283382e+01 2.574258484701479688e+01
4.235887917103542577e+01 1.436445880956056165e+01 2.771274248159167541e+01
1.824681817438401410e+01 3.363846137599030328e+01 2.470079737493821881e+01
1.484916354242086101e+01 4.331449153456978252e+01 3.975561260367498306e+01
2.163077707690234774e+01 4.478436356610392721e+01 2.252450307442120092e+01
5.001692644110487151e+01 1.488845399681141402e+01 3.300956547701880339e+01
5.231586834831080068e+01 1.670118868661821310e+01 2.661248418714754749e+01
1.853497561195715093e+01 3.327315573849254804e+01 3.797712277262507286e+01
5.175705449834987348e+01 2.780570306041968465e+01 3.723859856330386719e+01
5.042159584078954992e+01 2.155104351854586398e+01 3.999467723747770975e+01
4.621435140039974954e+01 8.184147666714917335e+00 3.922468457158547039e+01
3.855363014998041393e+01 1.730034944935375663e+01 4.145851857279161834e+01
5.182213194253819211e+01 1.019371890497637168e+01 3.532057744126748133e+01
1.868898329733533004e+01 4.415403863912034410e+01 2.257649246259741815e+01
2.184103660496737476e+01 4.638572823810403634e+01 4.106703734894849589e+01
1.662427013680098398e+01 3.601364137649776609e+01 2.245178890888120549e+01
4.850014864421606120e+01 2.646701287513043255e+01 2.234918389702746921e+01
1.122009641239519162e+01 4.619254881834531545e+01 3.638768234493350207e+01
2.994256617876986937e+01 3.232823638599612082e+01 2.293465671237354897e+01
1.929521304318554087e+01 5.042405225632295895e+01 2.576691770587027008e+01
4.242400541296954941e+01 3.061338761221754012e+01 3.943045952446069435e+01
3.006559374034216958e+01 3.291390741580279666e+01 2.325424329406448720e+01
1.066188601619153253e+01 4.356162668439840502e+01 3.773769696920220440e+01
2.693457888764852015e+01 1.998204193202057510e+01 2.030077311108216875e+01
1.769645373203464089e+01 3.678176775171419166e+01 4.049369996836657748e+01
4.874985344446947266e+01 1.482323866008986002e+01 3.270130055255449264e+01
3.269760032449971021e+01 1.703386730954693462e+01 2.177187402682734430e+01
2.844395605496447033e+01 3.150349813078526040e+01 2.268318753354025219e+01
2.595160065699972307e+01 4.480334131171473189e+01 2.939982289777360691e+01
4.450811376537510711e+01 2.558364394265769448e+01 2.131331607075797407e+01
4.742681297749501823e+01 2.545973251318581632e+01 2.178097660872917274e+01
2.258989204788398908e+01 2.507204080462536311e+01 3.964536329496498723e+01
1.140794091238849539e+01 3.085046730595056630e+01 2.868479655427456265e+01
6.796127391051165034e+00 3.533177762724412219e+01 2.711333351767908795e+01
3.690067766081497069e+01 3.370018027420815088e+01 2.507648940034391671e+01
1.753259158547806251e+01 3.467792753338043354e+01 2.345678674881812853e+01
5.190825529621484691e+01 2.980068605437675799e+01 2.806808533907707215e+01
3.951310362181086333e+01 2.848619935691722560e+01 2.187898585197279644e+01
5.121607978714779819e+01 2.122600553004058810e+01 2.368553094998488717e+01
9.611112265863338777e+00 4.121154637605106075e+01 3.800759212052614799e+01
3.463665370284430622e+01 2.475579858831282820e+01 2.036729564063216102e+01
2.219122288942325483e+01 4.350800552304498581e+01 3.883266204941227073e+01
2.203959075742590201e+01 1.535209563410069578e+01 2.509177733746956562e+01
3.501401150251172822e+01 1.690765173499872986e+01 4.127235038461807193e+01
1.589410140850940323e+01 4.771217408208906363e+01 4.148272245698500171e+01
2.183184349733178209e+01 2.970932911530484333e+01 2.616019905645507393e+01
2.234448548696206061e+01 1.234494422595598273e+01 3.732243156196999934e+01
3.046443512378507279e+01 1.464243266910319186e+01 2.146234196509513126e+01
2.227837228668238012e+01 3.373584826368040268e+01 3.685266382887792247e+01
2.882823118624074255e+01 1.336270891035456820e+01 2.855823694917220834e+01
4.876661410053313972e+01 9.088083685422622793e+00 2.921233590812567371e+01
5.367755290800958790e+01 2.263654483074000723e+01 3.257556433270499241e+01
2.646671854083101394e+01 4.428589568755448624e+01 3.275325939352755000e+01
2.244559827955153963e+01 4.575334869072506905e+01 3.768107457331451116e+01
5.363925901364267190e+01 2.461951002324320825e+01 2.869247192402681534e+01
3.195229642961727023e+01 1.905101795787575725e+01 2.068716607164686394e+01
1.543718379003374430e+01 5.125467459649944857e+01 3.604383451976332253e+01
3.832443940045620678e+01 3.500185789362809174e+01 3.478566543946326561e+01
4.201295092384954444e+01 3.476800797847144509e+01 3.131102847457326277e+01
2.597192329790837917e+01 3.760696927231705899e+01 2.709301104576787012e+01
3.755691059772075846e+01 3.089114090873881935e+01 3.968065276679630671e+01
1.370223710105518933e+01 4.616838240547136962e+01 2.395787512579662959e+01
1.260129154947003727e+01 3.204364081067206627e+01 2.408058829620433983e+01
2.887797271226903462e+01 3.768415617445620569e+01 3.145651860397906674e+01
2.871275971373205849e+01 1.305405671900452624e+01 2.076051126954515880e+01
2.166457978479069268e+01 4.814724283830215512e+01 2.718498714104317315e+01
2.605122883820212465e+01 3.037698513306701287e+01 3.989846328873134240e+01
2.242899807646944765e+01 2.709112484410465527e+01 3.891763656767761859e+01
3.708487325073829766e+01 1.290717754382943561e+01 2.894467479774843710e+01
2.770105775939536130e+01 2.221361903252623193e+01 4.257515183401917369e+01
3.583505858181897707e+01 2.899090999176858574e+01 2.174071689515648487e+01
4.872183846273355812e+01 1.242652905815480935e+01 2.168812216124475256e+01
2.496601751382224421e+01 1.633818724832686797e+01 2.036775552973490377e+01
4.099767035860993758e+01 3.464400576460669612e+01 2.937535577697586930e+01
2.328037253231578063e+01 3.054587989427764327e+01 2.515684890039820942e+01
2.165213088640429717e+01 3.271770911201564047e+01 2.658448810170088095e+01
1.058882805061886678e+01 4.300151026878285876e+01 3.801667052602326891e+01
5.172784033503661760e+01 1.473739863678408923e+01 2.862449233252993253e+01
3.079074548043235282e+01 1.024387723565440922e+01 2.334560347438462458e+01
3.163917072955019449e+01 1.752051000438791206e+01 2.118301446060988624e+01
4.253186777339443125e+01 2.794159978265825117e+01 2.180045451367303144e+01
1.989042262881527279e+01 4.407162709319430149e+01 4.163188536017626973e+01
1.985227221122593022e+01 3.508372079800498256e+01 3.883420232218288959e+01
3.189639561563080505e+01 3.679891676978777326e+01 3.618254321680116448e+01
1.403775367420442599e+01 5.094262628683622296e+01 3.372135435216153354e+01
4.749817464797720135e+01 2.051268081231295071e+01 4.130519263947854114e+01
2.859662670138616392e+01 1.887746693676170295e+01 4.277315363392211367e+01
2.643955753811284737e+01 2.090823995122829260e+01 4.256001803392498317e+01
5.175222939963992985e+01 1.024055677882696358e+01 2.402724384646213807e+01
1.343562511293029793e+01 3.107186150951126891e+01 3.737761547896469239e+01
2.242821200216508970e+01 3.800796645100999882e+01 2.412281550259980634e+01
3.690202965359348752e+01 2.439581513032266002e+01 4.240150484525452157e+01
2.396310802692041619e+01 1.760425620520659962e+01 2.080193076028266219e+01
3.860768357049059318e+01 1.338551872056448921e+01 3.587167201884786749e+01
2.362357582173686410e+01 1.522577311732644745e+01 2.104808804571405290e+01
4.371941163040010281e+01 1.257140754924631310e+01 3.659661109509524834e+01
4.080620099667779499e+01 1.508207208032209579e+01 2.545571741661271403e+01
4.769133737529235617e+01 1.825202718133517266e+01 2.143814525435997709e+01
2.042986667663717171e+01 5.059931491721690122e+01 3.349862481591204499e+01
2.614592080525420315e+01 3.993386480685560258e+01 2.653910496422321685e+01
1.880100057684376580e+01 5.085128079739956775e+01 3.737880737530491615e+01
1.606339238188747842e+01 3.653559639666256231e+01 2.220951333972996622e+01
2.355114615915511678e+01 3.049652933553256062e+01 2.490877793535351969e+01
3.158173266839114035e+01 1.234469783929056952e+01 3.930349554530750567e+01
7.434818488442808793e+00 3.848972967477887863e+01 3.738128499772250990e+01
5.188593671483412351e+01 1.425240885133015745e+01 3.943025456134567719e+01
6.897421366703113677e+00 3.717438719160215044e+01 3.738765715476374396e+01
1.277146397182190540e+01 3.627440222531204483e+01 2.179619885378755484e+01
6.580133818357578157e+00 3.506356480908619488e+01 3.133833795331755567e+01
2.561320195365468777e+01 4.586108317748434615e+01 3.026075343969796805e+01
4.473274052519197852e+01 2.760700796880366070e+01 2.185904423697363441e+01
1.868626462755210582e+01 4.204848814528115497e+01 3.991978089816537079e+01
4.534075763422244876e+01 1.282411772339868605e+01 2.244591263318019969e+01
2.870357851485577427e+01 2.519478938285575254e+01 2.045474795676018687e+01
2.769270110083058967e+01 1.586667798268150520e+01 2.028770919337398482e+01
1.610257890417003068e+01 4.529576443171224298e+01 2.308183112416707061e+01
2.746495681393590260e+01 4.049805997208612496e+01 3.052071157397427825e+01
1.605302277682521961e+01 4.684802558271781692e+01 2.131158016201428751e+01
3.737439861189066193e+01 3.539330914405817907e+01 2.783516496741963309e+01
8.440454767916499179e+00 4.048656562975551765e+01 3.607437846907740919e+01
5.338371888544419619e+01 2.248356818374414345e+01 3.408294610823504911e+01
5.133475983693128342e+01 1.853332430584109147e+01 3.979857850918524065e+01
4.249996402897709658e+01 1.416761393573174388e+01 2.839483156503565553e+01
5.208776463764863962e+01 1.050798838823745740e+01 3.573693158993508945e+01
1.755343836080655606e+01 3.370763718785430996e+01 2.424231653607265358e+01
4.338104940038338242e+01 2.756713105289113130e+01 2.172766470725915156e+01
4.243997063339020315e+01 3.047936836429887819e+01 2.328598940174261500e+01
3.003887071939346143e+01 9.555260660000646666e+00 3.562834873046038098e+01
2.238039681042469198e+01 1.230967606952781424e+01 2.577397874557716406e+01
2.705051371549911821e+01 1.064560972107122794e+01 2.092463912524103975e+01
5.131439584125158859e+01 8.240583410990229396e+00 3.648808581166068166e+01
4.805075204386930210e+01 7.047782469150892126e+00 2.622121783682814922e+01
5.250278146834743609e+01 2.115228727519556884e+01 2.640349376939316173e+01
1.149366336408589362e+01 4.748932108007798547e+01 3.479186164324972452e+01
2.196766139842655008e+01 2.012073836771702773e+01 2.442940862738029750e+01
3.243356390716177629e+01 1.733129454428706140e+01 4.172036964799344361e+01
1.553408401061602362e+01 4.746783248728665683e+01 4.011147828234008017e+01
5.236544722580831746e+01 2.028059849372335322e+01 2.608368934602164302e+01
1.745038508829281909e+01 3.463050195096620598e+01 3.973666976503749027e+01
4.970852370903369888e+01 3.155374777665744901e+01 2.680381302397141141e+01
3.664430848424674991e+01 3.057061575430896383e+01 2.280784712718616092e+01
4.998298413779823335e+01 1.360752732599863357e+01 3.316899972385574102e+01
2.292229814384681674e+01 2.245621370583278775e+01 2.238704360699226470e+01
1.851634526208550113e+01 5.438811478357366269e+01 3.566310762419822566e+01
8.089417026292194279e+00 3.271571133663814379e+01 3.361450594236239198e+01
3.493124618878761112e+01 3.243612001121463351e+01 3.922607893741207619e+01
4.436857896451372341e+01 2.078254183072629502e+01 2.127122674086108134e+01
2.855100732999413893e+01 1.461675812755794013e+01 4.247384971614916793e+01
2.678190920438838063e+01 1.112368010073729252e+01 4.236037702547805139e+01
3.146978808318050724e+01 1.471485229005736173e+01 3.371522986373140185e+01
5.127714672966118314e+01 1.479747243089258113e+01 3.374324952158659841e+01
3.981808927086935057e+01 1.512457256566720609e+01 3.823410751234148819e+01
3.066676324207018567e+01 1.192935382972565783e+01 4.098414848099887564e+01
4.159136901942189724e+01 2.605509280023077423e+01 2.114755967605215758e+01
4.681625582802075058e+01 7.913863263182928875e+00 3.484523424137370284e+01
1.547083089345380458e+01 4.816698460424623107e+01 2.338947922688215897e+01
3.602905141403510214e+01 3.637462181352327661e+01 3.094667865204113255e+01
7.544604040962125779e+00 3.971685900869017871e+01 2.922432878743062901e+01
3.948380019669823326e+01 1.356814358150504241e+01 3.590550406370813619e+01
2.505835390090504688e+01 2.962621294068152622e+01 3.978772057976498644e+01
5.324243444887170540e+01 2.802420044920049591e+01 3.432665662078163393e+01
5.300738406889720977e+01 2.432052955487184320e+01 3.603827697551135145e+01
2.272608861595279706e+01 1.806408732899931735e+01 3.525030143796817583e+01
5.244245029569700023e+01 1.246775096483262146e+01 2.632701437788256982e+01
1.851287386554874814e+01 3.398809383405773588e+01 2.446974814453692204e+01
4.467845072163739673e+01 1.613412468936617472e+01 2.201221332437879141e+01
4.453126138362573272e+01 3.109806530422122606e+01 2.386512752263356418e+01
4.121371577654455365e+01 3.388299276009895067e+01 2.703317625954224468e+01
2.608901094373645080e+01 7.389961130093423591e+00 3.950301596133752469e+01
1.529206825848293327e+01 4.851402850098865116e+01 2.427999527914767697e+01
2.743178472278436075e+01 3.830514820943522381e+01 3.215243222264289358e+01
2.963312085940154006e+01 3.117783502605040624e+01 2.238431152043055405e+01
2.203922917645968127e+01 1.386483723178686311e+01 3.937721010574288982e+01
3.103535979647280740e+01 1.023851107116138870e+01 3.956026801740294729e+01
4.632911328233795700e+01 3.181152866226867104e+01 3.775037242740564380e+01
2.223150853029878959e+01 1.765645457150034403e+01 3.977359790557856201e+01
5.104174001195295318e+01 1.764372751174322218e+01 2.263425774140613456e+01
1.429362895579784265e+01 3.181051450718658913e+01 2.485835029079062508e+01
5.159455472173706170e+01 1.479155850300965902e+01 2.890959288503562519e+01
1.855701084765885156e+01 5.463730241201405136e+01 3.670099763830039308e+01
1.419493547013001944e+01 3.034862822637792945e+01 3.144158450385182846e+01
4.748945421149093704e+01 7.900206014618129657e+00 3.465105861818052091e+01
5.171450366712756619e+01 1.015991695226152203e+01 3.514280238804253997e+01
2.411587187273120492e+01 1.056181533902320702e+01 4.157271707763308655e+01
3.699869563650381821e+01 3.589692099521180779e+01 3.323250645603542353e+01
3.765451189008168598e+01 2.427207004116091582e+01 2.062588168683786449e+01
3.152242817129051744e+01 2.824979625095130231e+01 4.179143041998933228e+01
4.046334314991325698e+01 3.467746749055280731e+01 3.348570208069223497e+01
2.753142751085290030e+01 8.424468618569560974e+00 4.102270926041686749e+01
2.723328616610732666e+01 3.739504883347363773e+01 2.827866510402035871e+01
3.599680281014642702e+01 1.554769913700450878e+01 3.923011900772493732e+01
4.487920634724881097e+01 2.490960435247096427e+01 2.126973712505907343e+01
3.371000446944407969e+01 2.402113242436205809e+01 4.273296062274650353e+01
2.138270044450370833e+01 2.645183568416866748e+01 3.768594783474785004e+01
3.368082636973193189e+01 2.606440403687757978e+01 4.244860405918281288e+01
4.572074885546230405e+01 2.348116175090628133e+01 4.167150842665602539e+01
2.425127121894556126e+01 8.984954005746807582e+00 2.260251176156903696e+01
5.016548939531606521e+01 2.671268591188093211e+01 2.336982973101844863e+01
2.234351936537790095e+01 1.128860857559399378e+01 2.447578431223078965e+01
3.373395651555045305e+01 1.401705711460933657e+01 3.443548024075165870e+01
1.510287379853317447e+01 4.352883443877457381e+01 2.322922045457234930e+01
4.633236464955525946e+01 1.858973541501285354e+01 2.144215441720880477e+01
3.007943645820224532e+01 7.940815714858239005e+00 3.791466618726850868e+01
5.218147668009050477e+01 1.057935921031340776e+01 2.488046438322298926e+01
4.958664021193170157e+01 2.766933101178145904e+01 3.953750136375113300e+01
4.160948716388017488e+01 1.963721544376713979e+01 2.118121101293719377e+01
2.549328946469733381e+01 4.051771468583062585e+01 2.570490557808142285e+01
2.759157128752192278e+01 1.096120054540553035e+01 2.887973019305281497e+01
3.386083695839553087e+01 3.710843531800836814e+01 2.944815945109447952e+01
4.475690948834760974e+01 1.033322851693842459e+01 2.784945750039706525e+01
1.235015451740543213e+01 3.109797803127187876e+01 3.749485338651442135e+01
2.548992485117062756e+01 3.830417110390174429e+01 3.672490874324434174e+01
2.047850097301810735e+01 2.339534521592552352e+01 2.692705693897480046e+01
2.180883922482007264e+01 5.028904227070363930e+01 3.083564699387112285e+01
5.051918396118181676e+01 9.936140466752050315e+00 3.401475870725772666e+01
2.548024848512014628e+01 3.944993119457157604e+01 3.721617324047682018e+01
1.747091294261199224e+01 5.316776679233137060e+01 3.462929334688563188e+01
2.455198456981860744e+01 1.581183124956157826e+01 3.410390538502360158e+01
3.330309477883928793e+01 3.578555755038137676e+01 2.562145449816517484e+01
4.662636915218669742e+01 3.133254954494630340e+01 3.817649737768032736e+01
1.232940122632671986e+01 4.687042763362337183e+01 3.809778984330439755e+01
5.121662491057735167e+01 1.799147584505854169e+01 3.157089968453043483e+01
3.746605601222727699e+01 2.080972501482106907e+01 2.067529107127145593e+01
5.087397647778180954e+01 1.445153516125900595e+01 4.064258087146534137e+01
1.786681470818695061e+01 4.474130584899800311e+01 4.152744729965527881e+01
1.857257655848286149e+01 2.967074164520940727e+01 2.990729484170194752e+01
2.202056861174717284e+01 4.522563671364049753e+01 3.996396042156883510e+01
2.471290293764338486e+01 1.300450801038260451e+01 4.248531258145403200e+01
2.665396525872650457e+01 2.265455688739028162e+01 4.239111934263201675e+01
4.572300315786493741e+01 3.165663556893106190e+01 3.809333245726831763e+01
4.893695794208975514e+01 1.644546967048612984e+01 2.153870813185111288e+01
1.349235549153442371e+01 3.034986324844834371e+01 3.258884990497453060e+01
1.931621637335094377e+01 3.791542160267932360e+01 2.283617374617709572e+01
1.546459310400106979e+01 5.014915954201718051e+01 3.689228512211128219e+01
4.591573578197351679e+01 1.154413157855052674e+01 4.073535090300666184e+01
3.143370433795322327e+01 3.272035321122264406e+01 2.318852188700781980e+01
1.775024127283234066e+01 3.807939371666176243e+01 4.059904042402433788e+01
1.522893333609581390e+01 3.224423830048933581e+01 3.851474803579534267e+01
4.395047282608567940e+01 1.159304240324553348e+01 3.654901052854718557e+01
4.658751967501238056e+01 3.253987331864913557e+01 2.598785597942997683e+01
3.681728765803945436e+01 2.106776944174253785e+01 2.060693716188333724e+01
4.655130633502940896e+01 7.239397338768887913e+00 3.717796558787770778e+01
6.645780046587517198e+00 3.493132088504485466e+01 3.012331481278967615e+01
2.743446984138322975e+01 3.177015348401385708e+01 3.969548369702805246e+01
1.736974934549965255e+01 4.850440268449199266e+01 1.920865544236507461e+01
1.545215150106037427e+01 3.416149519563243331e+01 2.300225236643485971e+01
1.925225487512782152e+01 5.346550381771621119e+01 3.648353010685330133e+01
1.835086209649260525e+01 3.642882169714729201e+01 4.020797665495950213e+01
1.604032663972174788e+01 4.900090066918383513e+01 3.843640919606180262e+01
6.554345146894673846e+00 3.523202088682985789e+01 3.308443884403553170e+01
2.641105989411166988e+01 7.635589307652119295e+00 2.350657576400669768e+01
5.237383530533065823e+01 1.541407468451895468e+01 3.668753550952473574e+01
6.458774883631308583e+00 3.764400521601810823e+01 3.155842685455665375e+01
7.420315219981659993e+00 3.346689847882293378e+01 3.142841804408701378e+01
2.344580930557392762e+01 1.662148872103104580e+01 4.185093589752020904e+01
3.589393862047402450e+01 2.209861199039741564e+01 4.255088672398633065e+01
4.399159254396409580e+01 1.087008702324713383e+01 2.527174418282020341e+01
1.502257602160321959e+01 3.071992749823084878e+01 2.831740565395471165e+01
2.124959738227665440e+01 4.905956404489193545e+01 2.768709201037596301e+01
2.179884757201168100e+01 2.300364259120507882e+01 2.418937564549907293e+01
4.371485371361954009e+01 1.949146873225716803e+01 2.134798621796048934e+01
4.953280811269409867e+01 1.062719088174743298e+01 3.342926156765406631e+01
2.877508893168999649e+01 1.316751760845958685e+01 2.076320377011165874e+01
1.460863873170936422e+01 5.032823180272880137e+01 2.664232050906615257e+01
1.130161496476388905e+01 4.564801837107746962e+01 2.544561535744995240e+01
2.879563522708193801e+01 1.610017903381959314e+01 4.249806392151823786e+01
3.439612305479180776e+01 1.385522315641048507e+01 3.486973532999385128e+01
2.744746156521392066e+01 4.158680137635749929e+01 3.088751494119585672e+01
2.520462361802398732e+01 4.684473770727529285e+01 3.154360409384515407e+01
2.383807916277348582e+01 1.548055485398206166e+01 3.455820953605505252e+01
2.795638307258441557e+01 1.124709839096906272e+01 2.087597379251648277e+01
4.063667224162961844e+01 2.409663141617624049e+01 4.214183595586439424e+01
4.649970150617523501e+01 3.265367233193133245e+01 3.668076398774004332e+01
3.496101517616322241e+01 3.669667714427132665e+01 2.890040309846464339e+01
2.963310330585394681e+01 2.946011057752354390e+01 2.154316180057571373e+01
2.351294513794475805e+01 4.429548781915578104e+01 3.748454662494604861e+01
4.849684800483689884e+01 3.346724960990867004e+01 3.297027442372039729e+01
3.130563365911093499e+01 1.088363587395349263e+01 2.556502463123669244e+01
2.273414515611500164e+01 1.425554261133775036e+01 2.706901985364291363e+01
3.546250566095684320e+01 1.524172368575518810e+01 2.494026571708507944e+01
1.198120560880954955e+01 4.909238349230247422e+01 3.044607001278468772e+01
2.547434665079203953e+01 4.240582415703565999e+01 3.662849918043633579e+01
1.731735441916381291e+01 4.333510097416129270e+01 3.984241609192743994e+01
2.854532205154553282e+01 1.269648102127577438e+01 4.226227384008397081e+01
5.014241497282782234e+01 1.381419585483708268e+01 4.107564045643465533e+01
4.852876133749755638e+01 2.684301291973277515e+01 4.047247540363034801e+01
2.825265589578797076e+01 1.173632837005609275e+01 4.222628547499426332e+01
3.390757096363789458e+01 2.145424047016857827e+01 4.268557102271447690e+01
3.220915911468387094e+01 3.744178624894049534e+01 3.169228336684053460e+01
2.049183091626476383e+01 4.494739893756653260e+01 4.314151412423353804e+01
2.017076529903132709e+01 2.821050016007080430e+01 3.523448872148706101e+01
4.480325959690737392e+01 2.640396141387893891e+01 2.148484893452464561e+01
3.247817954523403472e+01 3.736830321494733198e+01 2.988162714095137673e+01
5.222224811761851271e+01 1.973886600710282835e+01 2.555007651270398128e+01
1.838436433800449166e+01 4.443129810393870116e+01 2.224530680444287967e+01
2.513519650474644607e+01 4.658447021213015660e+01 3.273823260312061478e+01
3.484291459317539363e+01 1.447399588264690173e+01 2.650676575159409509e+01
2.175284263901816928e+01 4.686637831927268394e+01 4.025054575364790566e+01
3.525759701833555226e+01 1.558120913539494268e+01 2.432951191059441953e+01
1.749226191408479636e+01 4.580284045647228908e+01 2.048932690436652848e+01
3.283699925883465198e+01 1.548643734788841719e+01 2.413360701236207717e+01
1.055162320398615883e+01 3.848971160836279637e+01 2.233922658543463058e+01
4.256247328722711387e+01 3.394107781718447825e+01 3.539550970394065388e+01
1.364277300293167450e+01 4.331093535812622974e+01 2.333943273671520302e+01
3.153654424613161567e+01 1.483052714082076662e+01 2.901983021312080169e+01
2.998825313518840829e+01 2.731473594293268548e+01 2.065537409799073032e+01
1.203661860551744667e+01 3.063157535215775695e+01 2.908312990208438364e+01
2.361151076879339783e+01 4.841101892779533955e+01 3.246867520513951177e+01
2.963412108614951634e+01 1.894097838872484729e+01 2.035230270123925322e+01
3.677421737244253563e+01 2.484991684466925932e+01 4.236744910575549738e+01
3.266638698293519383e+01 3.309178892088415580e+01 3.934818808276031632e+01
3.767471220497399287e+01 3.049053864846049677e+01 2.291862701489566589e+01
4.131626549777922719e+01 2.059773409483656437e+01 2.109968196909585814e+01
5.187314441825247258e+01 1.569485675124758473e+01 2.842492150703042597e+01
4.174172572612373244e+01 2.875224168286592175e+01 4.072247271654428857e+01
4.694419286859934459e+01 7.407508294259010029e+00 3.846654260936012548e+01
4.299840683806982611e+01 3.465806239461461757e+01 3.300958304637541119e+01
5.001563964050968281e+01 3.071090713730566080e+01 2.603698600328417712e+01
4.794431534288581531e+01 1.731251117909370407e+01 4.159106023532518037e+01
3.187384244813361178e+01 1.465634672978752384e+01 3.404212993919993835e+01
9.549730303566086320e+00 3.159787793770827591e+01 3.425929273778040596e+01
2.217578783911860896e+01 2.874025547463054764e+01 3.768615831909884406e+01
5.029346450976070315e+01 2.938132329765918627e+01 2.503963000815592466e+01
1.059627068390404503e+01 4.388866971097005631e+01 2.557124881630364044e+01
2.633091521209042085e+01 2.531155038238762245e+01 2.103941174987306795e+01
4.141112525030349900e+01 2.961835200906340759e+01 2.264885384384826139e+01
1.186211669217771814e+01 3.080071282021006951e+01 3.562993892152706366e+01
4.833664402722733655e+01 3.326843276201438471e+01 2.860838724679710765e+01
5.282955856477932599e+01 2.925486521707199117e+01 3.315734687901360189e+01
4.044212122516930208e+01 1.402614808772977817e+01 3.620222375750319799e+01
4.966558525127157964e+01 2.394722781735093520e+01 4.030038872436060160e+01
4.754740673344684865e+01 1.460250405972678145e+01 3.267653177515950347e+01
2.641957920654093428e+01 8.853039062647566126e+00 4.140293635660393790e+01
3.654396944064447439e+01 3.089092330041712131e+01 2.299005709235689565e+01
1.466333416824550007e+01 5.034123531469242607e+01 3.623882578258437093e+01
5.254561908426913419e+01 1.960663738587700067e+01 2.778173779755350026e+01
2.146118109603616730e+01 3.475940109514817067e+01 3.770063749824068822e+01
1.238648026045525796e+01 3.079230441034026811e+01 2.765678829225923963e+01
2.680960813856162162e+01 1.995925781736300308e+01 2.031101896706533338e+01
1.949336546661237080e+01 2.341032628399095827e+01 3.038311332418551558e+01
3.388797690594035572e+01 2.545683292741033910e+01 2.039646615081150216e+01
2.329015644326386081e+01 8.858850730201162094e+00 3.925556201394833522e+01
2.313339062886201702e+01 4.347705342083416014e+01 3.820334208918977481e+01
2.034445078646632865e+01 3.458213217594890665e+01 3.815751557522664683e+01
3.450919204074173052e+01 2.709686797901313682e+01 4.208510983465696143e+01
1.292797199819139031e+01 3.548243239676961025e+01 2.189277458634290241e+01
1.334742398887990866e+01 3.046443132563122802e+01 2.935477005442789533e+01
4.171269938896883644e+01 3.105375066211372825e+01 2.371842317117627630e+01
2.415645307077570791e+01 3.369383522073544412e+01 3.692150894396965555e+01
3.430859881990094351e+01 1.555916623124034714e+01 2.464363588248895454e+01
3.755599147847098607e+01 3.481911303259635559e+01 2.684758550384285769e+01
2.882602931984479611e+01 3.682906266708788934e+01 2.676651146665941639e+01
2.692436183308366182e+01 2.651974380469554760e+01 4.188622841331802960e+01
2.922817830830301489e+01 1.452818008889853907e+01 3.427706640671492977e+01
2.693819037586695941e+01 2.926876080021871829e+01 4.092181223810806046e+01
1.166752879595593129e+01 4.694143189529834359e+01 2.597845246542519604e+01
4.950065061280221101e+01 2.368247587864368953e+01 4.040874339635897883e+01
1.016260929671465263e+01 4.448129800419969371e+01 3.367522888747890164e+01
9.237867874354311226e+00 3.175986056611463226e+01 3.049540290160008382e+01
9.721826441943163033e+00 3.619841971848352102e+01 4.081853500719717687e+01
1.991673491781031657e+01 3.518178008292500181e+01 3.885820808547308047e+01
2.309204760743098817e+01 1.501969168632584051e+01 2.151982480327329839e+01
2.103114586340629799e+01 2.759891090576564565e+01 3.674703329812304275e+01
2.169852758842295160e+01 4.724383911309226391e+01 2.203962787332868700e+01
2.500019841977139379e+01 3.891553889130014454e+01 2.550789016620831262e+01
9.704999281246829312e+00 3.502980013845440510e+01 2.242972480934058765e+01
2.635006159783018731e+01 3.005767650912832423e+01 2.258450045264541828e+01
4.759026430502797211e+01 1.384103581967980645e+01 3.289891778291196545e+01
2.577529572776651179e+01 1.461016827904672866e+01 3.380557327513379562e+01
5.019648727875597416e+01 1.663166339186178178e+01 2.195443012300328078e+01
1.366654595128106209e+01 4.791344223309572925e+01 2.463058366508345287e+01
2.654260559925586449e+01 4.372627562005746427e+01 2.953284873603080385e+01
3.110568659888307508e+01 1.208517572133729345e+01 2.652645132316822085e+01
3.662446688367517567e+01 3.609700058428402514e+01 3.242645605073219173e+01
8.876860874232566090e+00 3.210807364315939338e+01 3.507363507984605633e+01
3.900612583212904383e+01 3.076106774769905527e+01 2.328200127493684235e+01
5.185213974475249898e+01 1.832357080118033466e+01 2.987306002738410982e+01
3.359292668589097275e+01 3.694449246961149669e+01 2.775551652086721788e+01
5.053325682254953222e+01 2.590863252181143395e+01 3.945682798315331752e+01
