9.779284769618636020e+00
4.179958911953550960e+00
3.212628089564450562e+00
2.781939232574513365e+00
2.521983696361398852e+00
2.317483164400497397e+00
2.140868130341873954e+00
1.984310588985535029e+00
1.844338086451177583e+00
1.718717435254832671e+00
1.605697625090467540e+00
1.503788222428892762e+00
1.411693541447843092e+00
1.328286516684636043e+00
1.252585864633001922e+00
1.183731285334008509e+00
1.120961515703425393e+00
1.063599520962807965e+00
1.011044783556032778e+00
9.627693681274921422e-01
9.183140418425477236e-01
8.772823295082271544e-01
8.393323255945466244e-01
8.041673595907683492e-01
7.715269910867804670e-01
7.411794933070362523e-01
7.129163281032777633e-01
6.865484872314184805e-01
6.619042068756150199e-01
6.388274911054414584e-01
6.171770013305253322e-01
5.968250494395515027e-01
5.776565842351084612e-01
5.595681544049054823e-01
5.424668735082944782e-01
5.262694221302973707e-01
5.109011162768259950e-01
4.962950599135954044e-01
4.823913885516625810e-01
4.691366018603403409e-01
4.564829767179176545e-01
4.443880476090864007e-01
4.328141385444574940e-01
4.217279295930687066e-01
4.111000417449204303e-01
4.009046262801189142e-01
3.911189491179150046e-01
3.817229664558675073e-01
3.726988946794458912e-01
3.640307839412160740e-01
