1.390185479780854649e+01
3.033448550031816016e+00
2.752286567016787977e+00
2.656001582022865293e+00
2.593305208061171374e+00
2.539740282361730994e+00
2.489078261615607968e+00
2.439408137224943651e+00
2.390089215026078406e+00
2.340904016676573107e+00
2.291789582483166221e+00
2.242744965600917073e+00
2.193797333728852994e+00
2.144988604485112749e+00
2.096369477225719535e+00
2.047996165041163774e+00
1.999928135915147509e+00
1.952226276004763950e+00
1.904951297351568984e+00
1.858162358771124456e+00
1.811915912627081626e+00
1.766264793810403244e+00
1.721257555994122779e+00
1.676938045352084572e+00
1.633345188631723177e+00
1.590512963047900685e+00
1.548470510562641955e+00
1.507242358394743409e+00
1.466848710181750892e+00
1.427305777002585874e+00
1.388626123398267520e+00
1.350819009712002527e+00
1.313890717861643243e+00
1.277844852656450314e+00
1.242682614788496398e+00
1.208403044640071755e+00
1.175003238132246830e+00
1.142478537135842354e+00
1.110822697637114942e+00
1.080028039056951883e+00
1.050085578008018050e+00
1.020985149458546459e+00
9.927155178477751196e-01
9.652644802354035658e-01
9.386189631135047895e-01
9.127651140943588981e-01
8.876883893285624216e-01
8.633736372114764190e-01
8.398051787026916681e-01
8.169668844084375658e-01
2.763225986558408981e-02
